nn <- 6
ns <- 2
nt <- 466
I1 <- 3.1
tau0 <- 3.0
dt <- 0.75
SC <- structure(c(0.0, 0.000635566289564, 0.000222448201347, 0.0, 0.0, 0.0, 0.000635566289564, 0.0, 0.00711834244312, 0.0, 0.0, 0.0, 0.000222448201347, 0.00711834244312, 0.0, 0.0, 0.0, 0.0, 0.0, 0.0, 0.0, 0.0, 0.00508453031651, 0.00212914707004, 0.0, 0.0, 0.0, 0.00508453031651, 0.0, 0.0404537943307, 0.0, 0.0, 0.0, 0.00212914707004, 0.0404537943307, 0.0), .Dim = c(6, 6))
SC_var <- 5.0
gain <- structure(c(0.0123149816249, 0.0895926963538, 0.0136616380491, 0.329994570758, 0.0105419962807, 0.560835773072, 0.289042923817, 0.00763671525602, 0.237959105165, 0.00466916548768, 0.436479355063, 0.00727107907252), .Dim = c(2, 6))
seeg_log_power <- structure(c(1.67369041288, 1.74993701223, -1.9494214909, -1.19487089865, 0.94292725908, -1.12409514003, 0.543636732806, -1.09399947542, 2.48560923251, -1.22080324445, 2.64341617795, -2.05702150296, 0.526738941936, -1.11029155519, 1.40654380836, -2.1126592738, 1.21661415538, 3.85801554692, 0.463572744174, -0.0249242145945, 4.47235702006, -0.584393069193, -1.93380896213, 0.229253985591, -1.46748623549, 0.0823506099022, -1.66405570451, -2.11014343507, -1.5643827918, 0.128820691312, 2.83621136384, 2.72256156565, 1.74074972371, -1.24320574078, 3.62695728389, -2.02484076414, 0.735418524573, 2.89750817859, -2.55733608948, -1.72928690403, 1.75219864089, 1.23400059196, 2.6468874549, 1.08252207533, 2.89380429479, -0.60775218076, -1.30087294929, -1.80277192923, 1.52447991521, 1.72896553178, 1.17609234579, 1.51215774908, -0.215977357384, 2.79009436292, 3.69165657149, 0.371037998545, -0.207997926939, 1.36949282794, 0.438676159425, 3.65777294922, 1.58569599666, 2.31264167607, 2.94334965858, 3.53936412041, 3.3832369893, 3.15895975127, 2.09360248824, 2.29277484267, 3.51317944767, 4.40551929827, 4.24307577642, 4.26179275463, 4.06913074468, 3.86069176197, 3.86822214761, 4.23562185105, 4.33302216195, 3.71607094913, 4.38632087421, 3.69890292203, 3.46582687241, 3.94574287037, 3.77059311766, 3.32796884255, 3.82843192941, 4.40147964837, 4.97261256416, 4.48995770015, 4.86616828913, 4.74308768857, 4.34971611364, 4.59572575013, 3.9058350793, 5.12055612102, 5.34403239369, 4.49437628458, 5.2525156747, 5.40084345862, 5.06745414688, 5.35607977207, 4.30656832183, 5.31332291245, 5.06248935635, 5.7282239263, 4.93158544862, 5.03298740935, 5.59252152939, 5.83725679992, 5.33052880191, 5.47874797177, 4.02722391453, 5.10442853938, 5.66694276695, 5.0184327333, 3.21662245364, 5.14491786726, 4.67630357949, 5.08713978233, -1.07017352332, 6.03182188203, 5.11258821918, -2.97196553584, 5.40829139403, 3.5727256384, 5.12260296682, -3.79432303404, -3.43858138536, -3.4377744555, 3.18277364417, -3.19749594538, -1.93889406292, -3.68544031071, -2.82159956967, -2.57918376849, -3.47025275346, -3.29684109377, -3.48415467938, -3.06649891162, -3.27785002971, -3.32574679589, -3.30113951516, -3.79544986185, -3.24324809776, -3.35269561484, -3.68454035298, -3.59547541565, -2.89668857819, -3.06532229286, -2.72161832683, -2.69258582098, -2.50072650838, -3.34522923855, -3.02041092908, -2.90252576918, -2.8714803131, -3.40081933617, -2.58578612608, -2.42702530652, -2.98224577838, -2.57741784932, -2.422382003, -2.55028812168, -3.42175272473, -3.34389083235, -3.05035511694, -2.48945899118, -2.45856643204, -2.77012798949, -2.99052220127, -2.5664931999, -2.90671904258, -3.11612293178, -3.01403319383, -2.92954169376, -2.72343925962, -2.77009512541, -2.89297015277, -2.09398744245, -2.57873583409, -1.47512034292, -2.05531059641, -2.63001679583, -2.34121494421, -2.8498228779, -3.20448502358, -2.5252567565, 1.16130642992, -1.12732613814, -2.01662389666, -2.05556017764, -2.85700264465, -1.77297194723, -1.79133608084, -1.83379108723, -2.478781824, -2.46710462072, -1.87403760559, -2.24306144671, -1.03803537492, -1.03703197845, -2.27580682637, -0.426463768069, -2.0251885744, -1.92578319403, -1.58314761372, -0.561461918043, -1.07728939194, -0.501172313649, -2.12892410579, 1.13906184087, -2.37660803293, -1.49939036715, -2.67712709399, -0.673714106696, -2.52427233988, 0.297953794603, -0.765951281743, -1.43726995842, -1.34783532457, -2.65257021805, 0.00753033863573, 1.44942466907, -2.18877386803, 0.0697655488399, -0.429067007263, -1.61640813336, -1.10846398475, 0.616224758405, 0.980183156738, -1.83033507664, -0.901417136384, 0.156300633744, 1.3817024296, -1.22983964525, -0.817146139784, 0.195646325589, 1.07087319216, 0.913476539722, -1.31089104882, 0.536926699366, 0.913825215189, -1.67829373043, -0.621038960897, -1.95666070182, -0.347370053236, -0.416730127548, -0.415750655905, 0.269575336166, -0.289347631017, -0.102507826454, 1.39707068034, -0.104010035745, 0.211341955205, -0.301732133515, -1.44354293703, -1.27559519687, -0.811782374951, -0.903591738558, -0.466558481964, 0.290424140062, -1.03588116426, -0.426883122814, -1.99710529678, -0.0900069010116, -1.2638008313, -0.792256886407, -1.70104941114, -1.58951948968, -0.89037453937, -1.17647058788, -0.650768024425, -1.63213666521, -1.17457185116, 0.974262926659, -0.2742769557, -0.972616888383, 1.31130596708, 0.86039638828, 2.35346494374, -1.98051927316, 0.696392910977, 1.08750517585, -1.56274202768, 0.494141804232, -1.07366607346, -1.61905650917, -1.43359397581, -2.14334725067, -1.34033504732, 0.614263082531, 1.09026699762, -1.10593873162, 4.20514750275, -2.28814783739, -1.89806220218, -1.37008475298, 2.8409208859, -1.15102208488, -2.44935350535, -1.63434514102, -1.51972744104, -0.0492457177961, 3.79018227239, -1.59170859602, -1.54452961697, 0.0867721840574, 0.126610370762, -0.476981614041, -0.413844508303, -1.00058766067, 1.86121236769, -1.83976030646, -1.79525896816, 0.797679965614, -1.77610096181, -2.08420284954, -1.32677256905, 0.873623220938, -2.50198884413, 1.150667389, 0.95441444882, -1.32822586049, -1.2591469244, -0.979698675269, -0.828137246256, 3.94312860322, -1.84181520234, -1.34451329829, -0.0612918352291, 0.0498540226912, -0.433828634995, -0.862138532363, 0.747251430041, 4.25680177976, -1.43277790292, 0.344185500893, 1.14024942698, 1.25116644413, -1.31516423884, 0.0815426273927, 0.0867703569803, -1.41647033295, -0.178241749669, -0.368067348674, 0.675904631968, 0.88419789477, -1.18875728591, -0.125960796746, -0.389437110118, -0.519220703331, 2.03125702046, 0.908190756112, -1.1439902214, -1.13395564122, -1.69922697799, -0.251529949928, -1.0506818375, -0.587718021079, 0.101408223087, 0.956979111167, 0.223637556381, -0.699708752508, 2.99107186065, 1.71163356336, -1.21024869427, -1.05109450322, -1.40892673031, 1.1974988443, -1.81853760984, -0.406619854796, -0.634605030551, -0.83176379063, -0.413536358535, -1.38222671238, 0.267083689713, 0.0232434268448, 1.76101610975, -0.620767393996, -0.990341082617, -0.578046178358, -0.247738493965, -1.11062143518, -0.59949895603, 0.0174971554475, -1.49284752237, -1.89946397916, -1.4009124624, -1.66661887455, -1.2816414589, -0.946122432208, 2.08144973072, 0.202431578453, -2.13462827982, -0.341366659919, 0.206390918993, -1.37600852358, 1.82291978285, 0.0866562166804, 0.803072831899, -1.21005121325, -0.831558449651, 0.521446019052, -0.299350096411, -1.5652080069, -1.4442214604, 2.37224494998, -0.755691953829, -1.82030304321, 1.14196613716, -1.70045674033, 0.276909485876, -0.523859464107, -2.21963575369, -0.583817811288, 0.233892219621, 2.65186843354, -0.82104217167, -1.54563801359, -1.30008630321, -1.00435593482, 2.6234609854, 2.23206402766, -0.582929350947, 0.0293669538399, -0.636540601794, 0.047467699317, 0.40969533371, -1.34220992935, -1.34190568757, 0.0516929342383, 0.505405775266, 0.768237768771, 0.0700381314654, -1.42124009171, -1.88856209133, -1.55770563476, -1.36454649942, -0.834134011535, -0.842345598188, 0.0387873462311, -0.969655676381, 0.758480404877, -1.89845885206, -1.59871862705, -0.0559166810014, 0.309011229151, -1.13825536094, -1.04300356035, 1.80550050775, 2.18935028978, -2.10383076327, 0.354971329956, -1.39584985348, -1.79898125958, 2.07781891705, -1.32055027572, 1.8321829281, -2.02980343802, -1.5844316722, -1.17263582723, 