DEBUG <- 1
zlim <- c(0.0, 10.0)
eps_hi <- 0.2
use_data <- 1
I1 <- 3.1
Ic <- c(1.07368321604, 2.18777746999, 0.908434181067, 0.946164996579, 0.929413614243, 2.1681146961, 2.48927890246, 1.35443638991, 2.99785088697)
K_lo <- 1.0
K_u <- 5.0
K_v <- 10.0
SC <- structure(c(0.000901224353169, 0.000901224353169, 0.000901224353169, 0.0040203317683, 0.000901224353169, 0.0609750298174, 0.01005082941, 0.901224386241, 0.0938077413888, 0.000901224353169, 0.000901224353169, 0.000901224353169, 0.000901224353169, 0.723659733109, 0.000901224353169, 0.557486004519, 0.000901224353169, 0.901224386241, 0.000901224353169, 0.000901224353169, 0.000901224353169, 0.901224386241, 0.000901224353169, 0.000901224353169, 0.000901224353169, 0.000901224353169, 0.000901224353169, 0.0040203317683, 0.000901224353169, 0.901224386241, 0.000901224353169, 0.000901224353169, 0.000901224353169, 0.000901224353169, 0.0355129324505, 0.000901224353169, 0.000901224353169, 0.723659733109, 0.000901224353169, 0.000901224353169, 0.000901224353169, 0.000901224353169, 0.103858572404, 0.000901224353169, 0.0964879626105, 0.0609750298174, 0.000901224353169, 0.000901224353169, 0.000901224353169, 0.000901224353169, 0.000901224353169, 0.901224386241, 0.300184772033, 0.901224386241, 0.01005082941, 0.557486004519, 0.000901224353169, 0.000901224353169, 0.103858572404, 0.901224386241, 0.000901224353169, 0.0127310505889, 0.901224386241, 0.901224386241, 0.000901224353169, 0.000901224353169, 0.0355129324505, 0.000901224353169, 0.300184772033, 0.0127310505889, 0.000901224353169, 0.101178351183, 0.0938077413888, 0.901224386241, 0.000901224353169, 0.000901224353169, 0.0964879626105, 0.901224386241, 0.901224386241, 0.101178351183, 0.000901224353169), .Dim = c(9, 9))
SC_var <- 5.0
SIMULATE <- 0
dt <- 0.75
gain <- structure(c(1.0, 0.899917226451, 0.910778971083, 0.469596836659, 0.529969201973, 1.0, 1.0, 1.0, 0.353414073525, 1.0, 0.33213354641, 0.30064332515, 0.204312222461, 0.373375933707, 0.12027859737, 0.103958847646, 0.258716121368, 0.868585540093, 0.174693357157, 0.152008617276, 0.204842120334, 0.399245439337, 0.476906031117, 1.0, 0.330265753977, 0.905403355138, 0.922729137729, 1.0, 0.504376649641, 1.0, 0.253574068568, 0.173120951779, 1.0, 0.845125891727, 1.0, 0.465655230864), .Dim = c(4, 9))
nn <- 9
ns <- 4
nt <- 500
seeg_log_power <- structure(c(0.574529037734, 0.504180729536, 0.509902504118, 0.48359370406, 0.423622961474, 0.355930974107, 0.274483372523, 0.195842862749, 0.126818846336, 0.0723860378433, -0.0166596921593, -0.0733482277033, -0.0948194571719, -0.16539291654, -0.243774847794, -0.31090532839, -0.351161758231, -0.383975061658, -0.412630840682, -0.408389900581, -0.425529668853, -0.421713243034, -0.396865617098, -0.415804651056, -0.409402812156, -0.406073376974, -0.424058668648, -0.428800394264, -0.469616693124, -0.497105842806, -0.52984831185, -0.593389150539, -0.62408499006, -0.69215332069, -0.762065032605, -0.793985158171, -0.832837405848, -0.858194322468, -0.92505495455, -0.953643726016, -0.936896654772, -0.987765257792, -1.01238498572, -1.0109071457, -1.0055807735, -0.985720933959, -1.02987530071, -1.05557609218, -1.01828448455, -1.0632784203, -1.15165916479, -1.15525485425, -1.15372417873, -1.19927213117, -1.26425074388, -1.29996591433, -1.28562145182, -1.28420260198, -1.28433151313, -1.30204029336, -1.32131511671, -1.32482288978, -1.36070379023, -1.37545112056, -1.37019345327, -1.3390891908, -1.31965597715, -1.38696877749, -1.42202637495, -1.40890223042, -1.40589263382, -1.39865713519, -1.41525295417, -1.42658573022, -1.41461421626, -1.41855005338, -1.42612890849, -1.42346892334, -1.41019606595, -1.36697869802, -1.3411984709, -1.33166369367, -1.29856489249, -1.30178340565, -1.30300062827, -1.27312384739, -1.27423572785, -1.28130785814, -1.28300206373, -1.27076059476, -1.24789761983, -1.24992791607, -1.25922019558, -1.25673068992, -1.23887903688, -1.202217566, -1.16674570584, -1.16333256069, -1.16865332881, -1.18445917718, -1.18653247217, -1.1397289761, -1.12283005203, -1.11910598704, -1.12193024393, -1.14537844214, -1.12542503475, -1.12340849317, -1.15137949092, -1.15586332612, -1.15538789654, -1.13294608828, -1.0889369046, -1.06315860674, -1.05591373508, -1.02022066028, -0.96659160009, -0.954708207671, -0.957078641438, -0.942496136786, -0.924123095602, -0.914352736773, -0.903959118785, -0.879409408847, -0.890148525604, -0.901991754764, -0.84289250642, -0.800966229482, -0.78864167947, -0.74863049221, -0.741192329751, -0.7412815945, -0.719774689999, -0.707325483031, -0.671511798479, -0.659247780352, -0.678067354058, -0.677881562803, -0.690227214302, -0.670767311411, -0.611936596615, -0.604604478715, -0.599553372469, -0.560567526979, -0.565008997835, -0.556802986249, -0.48245813289, -0.422199049655, -0.385145241295, -0.35117111992, -0.363824593214, -0.369925108835, -0.331562556962, -0.312226023951, -0.291510730793, -0.245777915495, -0.189589015982, -0.124192458919, -0.080258044155, -0.0770271021124, -0.0406564722996, 0.0289799653228, 0.0662129047492, 0.122512329168, 0.191612382725, 0.244282406351, 0.307263960862, 0.374911211204, 0.441624031963, 0.487160910193, 0.548218628168, 0.645558714736, 0.71576184226, 0.779511821164, 0.872961259634, 0.936067353385, 0.97160602416, 1.04600674545, 1.10164712675, 1.14390534026, 1.20970124106, 1.24638286892, 1.29657960218, 1.37065378543, 1.44494262739, 1.49800550195, 1.51958627409, 1.57963871771, 1.6621302902, 1.72604310981, 1.79404109088, 1.85181912908, 1.90483181201, 2.00475149397, 2.09660774787, 2.11472752866, 2.16010829829, 2.26587602836, 2.36539657457, 2.44822394103, 2.50719787126, 2.56910289969, 2.62682860649, 2.67830014726, 2.78896640524, 2.87454540778, 2.90922041062, 2.97672084492, 3.03018938805, 3.11790823447, 3.26256299262, 3.35540281043, 3.42369889344, 3.44235709376, 3.40689945662, 3.44918444793, 3.5422504755, 3.63089853841, 3.71983138467, 3.78775946214, 3.86110523129, 3.96742567116, 4.09597389154, 4.20419448624, 4.30641510737, 4.42014410627, 4.46995641093, 4.51731725655, 4.60775881583, 4.66601282991, 4.75133387736, 4.82803266907, 4.79509697595, 4.74216641951, 4.66600878834, 4.55474710342, 4.50556913827, 4.45961243097, 4.43908637661, 4.49984492071, 4.52066259679, 4.51999585062, 4.56391469118, 4.6178014821, 4.63800336678, 4.61385699214, 4.61689716797, 4.66535108169, 4.68447691688, 4.70502240434, 4.77780976984, 4.79248068176, 4.76905845515, 4.77671821803, 4.74808222079, 4.74447231682, 4.80547027714, 4.8855758747, 4.96504808271, 4.96643842955, 4.89462071182, 4.82517646384, 4.80827821715, 4.81339439778, 4.78923544421, 4.80372675495, 4.83113596459, 4.81077866156, 4.74985103261, 4.63698985771, 4.49247993229, 4.31146353219, 4.13980566189, 3.97463662551, 3.77193563486, 3.64134879673, 3.51271622643, 3.31261278623, 3.14020320016, 2.97734816063, 2.83960666857, 2.72539416597, 2.60277459141, 2.46834143452, 2.31123239308, 2.19340193584, 2.11151692796, 2.00402940942, 1.84126987204, 1.63269115254, 1.43076600253, 1.24939861129, 1.1161553845, 1.09579513597, 1.0660819615, 0.926761816667, 0.767451005811, 0.583860330551, 0.422897729281, 0.292568653609, 0.133278512119, -0.00186214010314, -0.16514540855, -0.321032100062, -0.437296182603, -0.626263107005, -0.79192679525, -0.917733011861, -1.10046894462, -1.25351212155, -1.3732901377, -1.46546036331, -1.44169694646, -1.40254118574, -1.38777590732, -1.32739269513, -1.34329222564, -1.41637587011, -1.49456376611, -1.62911601997, -1.70689854912, -1.76918527042, -1.88415395771, -1.98684950004, -2.07189809014, -2.10452231328, -2.1402347938, -2.24706173708, -2.3390905885, -2.38804512976, -2.49058949292, -2.59928239893, -2.64010415684, -2.69470444872, -2.74623287857, -2.81354330701, -2.94194418579, -3.09823690557, -3.2698149574, -3.37906142793, -3.43353457014, -3.49771353013, -3.61735614537, -3.75797802573, -3.82988069104, -3.9049286789, -3.97746819258, -4.0, -3.99352863112, -3.94110849302, -3.87337477601, -3.76260823644, -3.64124445637, -3.55717740284, -3.47242355431, -3.43222936014, -3.40083153882, -3.37896776938, -3.35874857712, 