DEBUG <- 1
zlim <- c(0.0, 10.0)
eps_hi <- 0.2
I1 <- 3.1
Ic <- c(0.293972224321, 2.1050632144, 0.76637494776, 0.603736807948, 0.858574408322, 2.22474106984, 1.8084469875, 0.00720979482535)
K_lo <- 0.0
K_u <- 0.0468214098724
K_v <- 0.0132117882393
SC <- structure(c(0.000901224353169, 0.00447628021097, 0.000901224353169, 0.0164130266213, 0.268576795723, 0.000901224353169, 0.000901224353169, 0.000901224353169, 0.00447628021097, 0.000901224353169, 0.317815863983, 0.000901224353169, 0.0029841867297, 0.875858824173, 0.901224386241, 0.000901224353169, 0.000901224353169, 0.317815863983, 0.000901224353169, 0.000901224353169, 0.000901224353169, 0.443151737658, 0.000901224353169, 0.000901224353169, 0.0164130266213, 0.000901224353169, 0.000901224353169, 0.000901224353169, 0.581916435208, 0.000901224353169, 0.000901224353169, 0.000901224353169, 0.268576795723, 0.0029841867297, 0.000901224353169, 0.581916435208, 0.000901224353169, 0.000901224353169, 0.00149209324844, 0.000901224353169, 0.000901224353169, 0.875858824173, 0.443151737658, 0.000901224353169, 0.000901224353169, 0.000901224353169, 0.901224386241, 0.000901224353169, 0.000901224353169, 0.901224386241, 0.000901224353169, 0.000901224353169, 0.00149209324844, 0.901224386241, 0.000901224353169, 0.000901224353169, 0.000901224353169, 0.000901224353169, 0.000901224353169, 0.000901224353169, 0.000901224353169, 0.000901224353169, 0.000901224353169, 0.000901224353169), .Dim = c(8, 8))
SC_var <- 5.0
SIMULATE <- 0
dt <- 0.75
gain <- structure(c(0.0987743120451, 0.0924093272119, 0.15920107728, 0.120922606617, 0.215981041274, 0.202276890478, 0.86128460347, 1.0, 0.0943038207408, 0.0881506468745, 0.134552540249, 0.104360486937, 0.285746159106, 0.259319847445, 0.542258945921, 1.0, 0.158687147268, 0.1467616076, 0.369202741467, 0.246943930192, 0.448449417493, 0.42551291556, 1.0, 0.495214306441, 0.102294240015, 0.0957990436331, 0.18541562522, 0.13784306229, 0.604427639801, 0.513646313116, 0.725063540785, 0.813647664799, 0.440460978261, 0.384869932669, 1.0, 0.753510326221, 1.0, 1.0, 1.0, 0.212321892135, 0.313442199367, 0.282469576431, 1.0, 0.630719044964, 0.593580263769, 0.616274801349, 1.0, 0.23308441272, 0.0966181749239, 0.0905850302019, 0.126324286209, 0.10105070815, 0.149789163309, 0.143604506087, 0.405540225576, 0.526820357788, 0.145476104755, 0.135260146672, 0.256391806987, 0.189621956661, 0.200063958477, 0.195577617266, 1.0, 0.404920751475), .Dim = c(8, 8))
nn <- 8
ns <- 8
nt <- 500
seeg_log_power <- structure(c(-0.882571453221, -0.902843964212, -0.945730788649, -0.949215895128, -0.939889974302, -0.909589503875, -0.851287469863, -0.864384744594, -0.855100029337, -0.829788300869, -0.870566597977, -0.947176528106, -1.03812192055, -1.03172685928, -0.983979505076, -0.996194417541, -0.993579666178, -0.99332338879, -1.00963254364, -0.989539565445, -0.942944562449, -0.94716565353, -0.983909490117, -0.994724206023, -0.990286246119, -0.960355967588, -0.944978043427, -0.93702412513, -0.954214984804, -0.999090156427, -0.995402899786, -1.02192431757, -1.05333328122, -1.01431975338, -1.01292893264, -1.04647373482, -1.04128347415, -1.0264347399, -1.01177725848, -0.995190549231, -0.94718339095, -0.852787995822, -0.812329995023, -0.819376875699, -0.83711052368, -0.887404230926, -0.904499434131, -0.864334296, -0.847532244335, -0.850694081256, -0.795211616985, -0.713546802049, -0.617736152474, -0.578520710991, -0.626559179225, -0.619506243242, -0.59071382547, -0.571147196983, -0.55861995331, -0.565000050176, -0.544114204325, -0.547406147253, -0.579264063259, -0.604939612921, -0.638099245309, -0.675597525328, -0.688270662301, -0.687699829189, -0.744677501613, -0.832116784751, -0.900448348992, -0.951780562226, -0.948218570594, -0.937453658982, -0.948653959335, -0.945020893448, -0.939024949133, -0.91811269952, -0.959006904702, -1.03184438766, -1.00641317488, -0.967092290099, -0.967294321696, -0.950071115315, -0.927643098987, -0.982989034401, -1.04704135073, -1.06897311181, -1.1688240082, -1.24406810199, -1.24486468478, -1.26561810334, -1.27278313853, -1.30964071727, -1.38707300802, -1.43260651046, -1.45366582883, -1.49020394413, -1.49669607824, -1.50645525266, -1.57820627765, -1.59179658413, -1.59297423639, -1.61604969197, -1.61279429329, -1.64495564183, -1.67121614747, -1.67277942834, -1.6462816727, -1.59127539168, -1.53903354865, -1.49023253223, -1.44468455713, -1.42335420247, -1.44744068837, -1.44133172712, -1.41819470842, -1.45165705157, -1.49002715598, -1.48141886252, -1.50868165607, -1.59106990971, -1.59309453518, -1.59772179668, -1.65125014275, -1.67662511561, -1.71600177941, -1.7858310663, -1.88212885585, -1.92561178662, -1.95293222713, -2.02992918837, -2.07334551761, -2.0860850609, -2.08528736036, -2.09095670287, -2.13214216471, -2.17467592285, -2.20183131779, -2.22135795696, -2.24415935945, -2.26289554647, -2.25955962213, -2.23603056112, -2.19883833249, -2.16925828118, -2.14527346736, -2.10680215314, -2.06003553184, -1.98704985622, -1.89246672083, -1.82551699958, -1.83615927127, -1.90020846127, -1.91339914459, -1.89469286701, -1.90522654883, -1.94517375051, -1.942524011, -1.87081872007, -1.83773550281, -1.82893661577, -1.79485822567, -1.7758752194, -1.77270480637, -1.73532737884, -1.6991394823, -1.66464355788, -1.58275551027, -1.52607652354, -1.46097374418, -1.34947953475, -1.30373975615, -1.33221218376, -1.35676516675, -1.33976636829, -1.3281458367, -1.35280314084, -1.35907798049, -1.32387239631, -1.25801863375, -1.19314248632, -1.14576581451, -1.09822359426, -1.03580335579, -0.970648056046, -0.911138181217, -0.843067919396, -0.787153611145, -0.748086988819, -0.715667229495, -0.695621108379, -0.673206114877, -0.620091386653, -0.541084721013, -0.473619032537, -0.419649034878, -0.365336498057, -0.262862013089, -0.179689278512, -0.154974505694, -0.0719955079993, -0.00187991671865, 0.069715545211, 0.194819548239, 0.292216011302, 0.372233521865, 0.469316857679, 0.611996480672, 0.726854221953, 0.804610377302, 0.904601970797, 1.00106791282, 1.10486524764, 1.22960298647, 1.34853178104, 1.45412081406, 1.55308135752, 1.63946745087, 1.71809701878, 1.77585738833, 1.8524681512, 1.94587151858, 1.95963764833, 1.92334925414, 1.92443665142, 1.94684248392, 1.96104414611, 2.03203106816, 2.13246993434, 2.20654886356, 2.31756090376, 2.44043991911, 2.57903368676, 2.70175612247, 2.75221217274, 2.83391122969, 2.95091716496, 3.05018920336, 3.14986074375, 3.24347325008, 3.30065593494, 3.357805281, 3.43958402855, 3.50059656707, 3.56686442774, 3.64482976204, 3.74006829597, 3.85066853601, 3.89289857764, 3.91983503282, 3.96902686812, 4.0250622721, 4.14589573192, 4.29800300893, 4.39747109805, 4.46688554949, 4.5709723193, 4.66803908881, 4.74140512171, 4.7889359643, 4.80755241093, 4.84020486815, 4.87808918736, 4.90295963455, 4.9125754789, 4.95887456626, 5.0, 4.99653553146, 4.97996130567, 4.90533273756, 4.8512017062, 4.80111954699, 4.68117931463, 4.62514576198, 4.64262381529, 4.63452041014, 4.6306541743, 4.62157178594, 4.59653991054, 4.61606250978, 4.60546978847, 4.55897543307, 4.54477575449, 4.52398095656, 4.49610694589, 4.46014678133, 4.37367176816, 4.24528914547, 4.14026365265, 4.06424663979, 3.97124575993, 3.81742384211, 3.62267294018, 3.4972909314, 3.47370098154, 3.44317888144, 3.35831765257, 3.30482616931, 3.26296653198, 3.24031225735, 3.23788363433, 3.18497412101, 3.16797500562, 3.14049690661, 3.02566228852, 2.92321383679, 2.84579525394, 2.75232850249, 2.64775480653, 2.55894872773, 2.46515615806, 2.37278916081, 2.3305018109, 2.29405834195, 2.24862029515, 2.20071532932, 2.12865923675, 2.02981430957, 1.86362311466, 1.6881543676, 1.6215408439, 1.57958584637, 1.49003895071, 1.44016847918, 1.4274088108, 1.40071023794, 1.32357157869, 1.23678433127, 1.22306533438, 1.18279370695, 1.05649296426, 0.938902978208, 0.855147726889, 0.750530415207, 0.688691478988, 0.683134918099, 0.626905555271, 0.572364003265, 0.511362013429, 0.451282414659, 0.473238562945, 0.457725608552, 0.346031193454, 0.223605144966, 0.131527457539, 0.0452336359508, -0.0152264570467, 